,B.subtilis,Drosophila,E.coli,Human,M.tb,Mouse,Rabbit,Rat,Thermus,Yeast
B.subtilis,0.0,2.28,1.26,2.21,1.65,2.21,2.22,2.23,1.76,2.26
Drosophila,2.28,0.0,2.37,1.57,2.63,1.67,1.6,1.83,2.76,1.61
E.coli,1.26,2.37,0.0,2.37,1.98,2.37,2.37,2.38,1.67,2.37
Human,2.21,1.57,2.37,0.0,2.63,0.48,0.26,0.96,2.73,1.58
M.tb,1.65,2.63,1.98,2.63,0.0,2.59,2.62,2.57,1.9,2.65
Mouse,2.21,1.67,2.37,0.48,2.59,0.0,0.42,0.7,2.72,1.59
Rabbit,2.22,1.6,2.37,0.26,2.62,0.42,0.0,0.87,2.68,1.57
Rat,2.23,1.83,2.38,0.96,2.57,0.7,0.87,0.0,2.69,1.74
Thermus,1.76,2.76,1.67,2.73,1.9,2.72,2.68,2.69,0.0,2.86
Yeast,2.26,1.61,2.37,1.58,2.65,1.59,1.57,1.74,2.86,0.0
